*t@1C895:m=4000:4000
*T@1C895:m=4000:4000

+07: ;1C8A3->C96B
   [goto:21:CB]GAME OVER
   [gotoFD:22:2D]NEUER VERSUCH
   [gotoFD:22:8D]SPEICHERN
   [gotoFD:23:0B]ANZAHL DER
   [gotoFD:23:2B]GENUTZTEN
   [gotoFD:23:4B]VERSUCHE: 
   ; using [termFF] here because our custom
   ; menu screen appends the number of continues here.
   [termFF]


*t@1C729:m=10000:1C000
*T@1C729:m=10000:1C000

+5:
   [goto:00:20]
   [string][00][00][00][00][00][00][00][00][00][00][00][00][00][00][00][00][00][00][00][00][00][00][00][00][00][00][00][00][00][00][00][00][endstring]
   [string][00][00][00][00][00][00][00][00][00][00][00][00][00][00][00][00][00][00][00][00][00][00][00][00][00][00][00][00][00][00][00][00][endstring]
   [string][00][00][00][00][00][00][00][00][00][00][00][00][00][00][00][00][00][00][00][00][00][00][00][00][00][00][00][00][00][00][00][00][endstring]
   [string][27][30][27][30][27][30][27][30][27][30][27][30][27][30][27][30][27][30][27][30][27][30][27][30][27][30][27][30][27][30][27][30][endstring]
   [string][00][30][00][30][00][30][00][30][00][30][00][30][00][30][00][30][00][30][00][30][00][30][00][30][00][30][00][30][00][30][00][30][endstring]
   [string][28][30][28][30][28][30][28][30][28][30][28][30][28][30][28][30][28][30][28][30][28][30][28][30][28][30][28][30][28][30][28][30][endstring]
   [string][30][30][30][30][30][30][30][30][30][30][30][30][30][30][30][30][30][30][30][30][30][30][30][30][30][30][30][30][30][30][30][30][endstring]
   [string][30][30][30][30][71][72][73][74][30][31][32][33][34][35][36][37][36][39][3A][3B][3C][3D][3E][30][7A][7B][7C][7D][30][30][30][30][endstring]
   [string][30][30][30][80][81][82][83][84][40][41][42][43][44][45][46][47][48][49][4A][4B][4C][4D][4E][4F][8A][8B][8C][8D][8E][30][30][30][endstring]
   [string][30][30][30][75][76][77][78][79][50][51][52][53][54][55][56][57][58][59][5A][5B][5C][5D][5E][5F][90][91][92][93][94][30][30][30][endstring]
   [string][30][30][30][30][30][30][88][89][30][BF][62][63][64][65][66][66][66][69][6A][6B][6C][6D][6E][30][BE][70][30][30][30][30][30][30][endstring]
   [string][30][30][30][30][30][30][30][30][30][30][30][30][30][30][30][30][30][30][30][30][30][30][30][30][30][30][30][30][30][30][30][30][endstring]
   [string][30][30][30][30][30][29][2F][2F][2F][2F][2F][2F][2F][2F][2F][2F][2F][2F][2F][2F][2F][2F][2F][2F][2F][2F][2A][30][30][30][30][30][endstring]
   [string][30][30][30][30][30][2D][00][00][00][00][00][00][00][00][00][00][00][00][00][00][00][00][00][00][00][00][2E][30][30][30][30][30][endstring]
   [string][30][30][30][30][30][2D][85][86][97][97][97][97][97][97][97][97][9A][9A][9A][9A][9A][9A][9A][9A][87][6F][2E][30][30][30][30][30][endstring]
   [string][30][30][30][30][30][2D][00][96][00][00][00][00][00][00][00][00][00][00][00][00][00][00][00][00][8F][00][2E][30][30][30][30][30][endstring]
   [string][30][30][30][30][30][2D][00][96][00][00][00]DER ANFANG[00][00][00][8F][00][2E][30][30][30][30][30][endstring]
   [string][30][30][30][30][30][2D][00][96][00][00][00][00][00][00][00][00][00][00][00][00][00][00][00][00][8F][00][2E][30][30][30][30][30][endstring]
   [string][30][30][30][30][30][2D][00][98][00][00][00][00][00][00][00][00][00][00][00][00][00][00][00][00][68][00][2E][30][30][30][30][30][endstring]
   [string][30][30][30][30][30][2D][00][98][00][00][00]SPIELSTAND[00][00][00][68][00][2E][30][30][30][30][30][endstring]
   [string][30][30][30][30][30][2D][00][98][00][00][00][00][00][00][00][00][00][00][00][00][00][00][00][00][68][00][2E][30][30][30][30][30][endstring]
   [string][30][30][30][30][30][2D][7E][7F][99][99][99][99][99][99][99][99][67][67][67][67][67][67][67][67][95][38][2E][30][30][30][30][30][endstring]
   [string][30][30][30][30][30][2D][00][00][00][00][00][00][00][00][00][00][00][00][00][00][00][00][00][00][00][00][2E][30][30][30][30][30][endstring]
   [string][30][30][30][30][30][2B][3F][3F][3F][3F][3F][3F][3F][3F][3F][3F][3F][3F][3F][3F][3F][3F][3F][3F][3F][3F][2C][30][30][30][30][30][endstring]
   [string][27][30][27][30][27][30][27][30][27][30][27][30][27][30][27][30][27][30][27][30][27][30][27][30][27][30][27][30][27][30][27][30][endstring]
   [string][00][30][00][30][00][30][00][30][00][30][00][30][00][30][00][30][00][30][00][30][00][30][00][30][00][30][00][30][00][30][00][30][endstring]
   [string][28][30][28][30][28][30][28][30][28][30][28][30][28][30][28][30][28][30][28][30][28][30][28][30][28][30][28][30][28][30][28][30][endstring]
   [string][00][00][00][00][00][00][00][00][00][00][00][00][00][00][00][00][00][00][00][00][00][00][00][00][00][00][00][00][00][00][00][00][endstring]
   [string][00][00][00][00][00][00][00][00][00][00][00][00][00][00][00][00][00][00][00][00][00][00][00][00][00][00][00][00][00][00][00][00][endstring]
   [string][00][00][00][00][00][00][00][00][00][00][00][00][00][00][00][00][00][00][00][00][00][00][00][00][00][00][00][00][00][00][00][00][endstring]
   [string][AA][AA][AA][AA][AA][AA][AA][AA][endstring]
   [string][FF][FF][AA][AA][AA][AA][FF][FF][endstring]
   [string][FF][FF][A2][A0][A0][A8][FF][FF][endstring]
   [string][AA][6A][5A][5A][5A][5A][9A][AA][endstring]
   [string][AA][66][00][00][00][00][99][AA][endstring]
   [string][AA][A6][A5][A5][A5][A5][A9][AA][endstring]
   [string][AA][AA][AA][AA][AA][AA][AA][AA][endstring]
